Number of knapsacks:
5
Number of items:
10
Capacity of knapsack:
48 39 8 64 16 
Number of each type item:
5 4 3 5 2 2 3 2 5 3 
Value of each item of each type:
14 7 11 2 15 4 3 18 7 20 18 17 12 17 7 19 1 15 16 1 3 14 20 5 20 10 4 11 18 1 20 17 5 8 
Weight of each item of each type packed in each knapsack:
31 5 3 17 6 12 33 6 8 6 33 34 5 22 14 37 1 7 5 16 28 30 3 8 2 2 5 5 27 1 34 21 6 32 6 32 1 5 13 13 3 19 5 20 13 40 18 3 9 8 1 17 1 25 6 13 24 8 38 6 14 37 3 33 5 22 24 1 32 12 12 26 5 27 9 14 33 6 33 10 28 36 4 18 15 33 32 2 3 3 4 11 1 27 14 1 33 3 20 5 6 22 4 33 4 30 12 4 25 14 10 21 3 14 11 14 27 6 6 8 22 25 1 17 3 10 1 5 20 15 23 11 8 32 12 16 21 3 3 10 17 19 5 11 5 19 21 3 8 4 3 11 7 25 8 40 34 8 34 11 16 33 6 37 7 18 21 6 2 8 
